тикеров 25, дней 2015-07-28 → 2026-09-29
дневных ходов > 40% (сплиты/ошибки данных?): [('AFKS', datetime.date(2014, 12, 18), 106.2)]
           сигнал сторона  h    n   б.п.    t  1-я пол.  2-я пол. информация торгуем
      1 RSI 30/70    шорт  1 1220   -1.4 -0.2      +5.6      -6.9                   
      1 RSI 30/70    шорт  5 1220  -47.1 -2.6     -43.1     -50.3                   
      1 RSI 30/70    шорт 20 1216  -69.1 -1.1     -58.9     -77.1                   
      1 RSI 30/70    лонг  1  939  -32.7 -1.2     +18.0     -51.7                   
      1 RSI 30/70    лонг  5  938  -41.4 -1.0     +40.9     -72.1                   
      1 RSI 30/70    лонг 20  938 -109.8 -1.1     +94.4    -186.1                   
    2 MACD×signal    шорт  1 2427   -1.5 -0.3      -9.1      +4.7                   
    2 MACD×signal    шорт  5 2420  +36.3 +1.3     -23.4     +86.0                   
    2 MACD×signal    шорт 20 2405  +24.4 +0.4     -68.8    +102.7                   
    2 MACD×signal    лонг  1 2421  +11.0 +2.2     +12.4      +9.9                   
    2 MACD×signal    лонг  5 2420  +12.5 +0.6     +29.5      -1.6                   
    2 MACD×signal    лонг 20 2406   +2.8 +0.0     +86.0     -67.3                   
   3 SMA50×SMA200    шорт  1  193  +13.2 +0.6     +31.3      -2.3                   
   3 SMA50×SMA200    шорт  5  193  -22.9 -0.4    -117.1     +57.6                   
   3 SMA50×SMA200    шорт 20  193  +80.2 +0.6    -267.6    +377.9                   
   3 SMA50×SMA200    лонг  1  172  +20.7 +1.7     +31.8     +10.7                   
   3 SMA50×SMA200    лонг  5  172  +34.6 +0.9     +59.0     +12.4                   
   3 SMA50×SMA200    лонг 20  172  +19.0 +0.2    +168.7    -117.4                   
   4 close×SMA200    шорт  1 1026   -1.3 -0.2      -3.8      +1.6                   
   4 close×SMA200    шорт  5 1026  +24.6 +1.2     -11.5     +67.2                   
   4 close×SMA200    шорт 20 1025  +95.6 +1.4     -33.5    +248.0                   
   4 close×SMA200    лонг  1 1014  -10.4 -1.7      -1.2     -21.6                   
   4 close×SMA200    лонг  5 1014  -18.7 -1.1      -8.1     -31.4                   
   4 close×SMA200    лонг 20 1011  -78.4 -1.4      -8.2    -163.4                   
     5 Дончиан 20    шорт  1 2122   -6.9 -0.5      +0.5     -11.3                   
     5 Дончиан 20    шорт  5 2118  +22.1 +0.8     -33.5     +55.4                   
     5 Дончиан 20    шорт 20 2115  +28.7 +0.3    -100.3    +106.1                   
     5 Дончиан 20    лонг  1 2710  +10.7 +2.2     +27.8      -3.6                   
     5 Дончиан 20    лонг  5 2710  +29.0 +2.0     +22.4     +34.4                   
     5 Дончиан 20    лонг 20 2689  +22.1 +0.5     +34.8     +11.5                   
6 Боллинджер 20/2    шорт  1 2075   -7.0 -1.4     -14.7      -0.7                   
6 Боллинджер 20/2    шорт  5 2075  -46.8 -3.1     -30.6     -60.0         ДА        
6 Боллинджер 20/2    шорт 20 2059  -44.1 -0.9     -24.9     -59.9                   
6 Боллинджер 20/2    лонг  1 1780   -5.2 -0.5      +3.0     -10.3                   
6 Боллинджер 20/2    лонг  5 1777  -57.5 -1.6      +7.5     -97.6                   
6 Боллинджер 20/2    лонг 20 1775  -57.4 -0.8     +86.5    -146.3                   
     7 поглощение    шорт  1  857   +3.3 +0.5      +5.4      +1.9                   
     7 поглощение    шорт  5  853   +0.0 +0.0     -42.3     +27.4                   
     7 поглощение    шорт 20  852  +34.4 +0.5     -22.5     +71.3                   
     7 поглощение    лонг  1  758   +5.9 +0.7      +4.0      +7.0                   
     7 поглощение    лонг  5  756   -8.6 -0.4     -19.0      -2.9                   
     7 поглощение    лонг 20  753   -1.7 -0.0     +52.9     -32.1                   

прошли критерий информации: 1 из 42; торгуемых: 0
